0.0 1.304E-03
0.1 1.289E-03
0.2 1.273E-03
0.3 1.259E-03
0.4 1.244E-03
0.5 1.230E-03
0.6 1.216E-03
0.7 1.202E-03
0.8 1.188E-03
0.9 1.175E-03
1.0 1.162E-03
1.1 1.149E-03
1.2 1.136E-03
1.3 1.124E-03
1.4 1.112E-03
1.5 1.100E-03
1.6 1.088E-03
1.7 1.076E-03
1.8 1.065E-03
1.9 1.053E-03
2.0 1.042E-03
2.1 1.031E-03
2.2 1.020E-03
2.3 1.009E-03
2.4 9.984E-04
2.5 9.878E-04
2.6 9.774E-04
2.7 9.671E-04
2.8 9.569E-04
2.9 9.469E-04
3.0 9.369E-04
3.1 9.271E-04
3.2 9.173E-04
3.3 9.077E-04
3.4 8.981E-04
3.5 8.886E-04
3.6 8.792E-04
3.7 8.699E-04
3.8 8.607E-04
3.9 8.516E-04
4.0 8.425E-04
4.1 8.336E-04
4.2 8.246E-04
4.3 8.158E-04
4.4 8.070E-04
4.5 7.983E-04
4.6 7.897E-04
4.7 7.811E-04
4.8 7.726E-04
4.9 7.642E-04
5.0 7.558E-04
5.1 7.474E-04
5.2 7.392E-04
5.3 7.309E-04
5.4 7.228E-04
5.5 7.147E-04
5.6 7.066E-04
5.7 6.986E-04
5.8 6.906E-04
5.9 6.827E-04
6.0 6.749E-04
6.1 6.671E-04
6.2 6.593E-04
6.3 6.516E-04
6.4 6.439E-04
6.5 6.363E-04
6.6 6.288E-04
6.7 6.212E-04
6.8 6.138E-04
6.9 6.063E-04
7.0 5.990E-04
7.1 5.916E-04
7.2 5.844E-04
7.3 5.771E-04
7.4 5.699E-04
7.5 5.628E-04
7.6 5.557E-04
7.7 5.486E-04
7.8 5.416E-04
7.9 5.347E-04
8.0 5.277E-04
8.1 5.209E-04
8.2 5.141E-04
8.3 5.073E-04
8.4 5.006E-04
8.5 4.939E-04
8.6 4.873E-04
8.7 4.807E-04
8.8 4.742E-04
8.9 4.677E-04
9.0 4.612E-04
9.1 4.549E-04
9.2 4.485E-04
9.3 4.422E-04
9.4 4.360E-04
9.5 4.298E-04
9.6 4.237E-04
9.7 4.176E-04
9.8 4.116E-04
9.9 4.056E-04
10.0 3.997E-04
10.1 3.938E-04
10.2 3.880E-04
10.3 3.822E-04
10.4 3.765E-04
10.5 3.709E-04
10.6 3.653E-04
10.7 3.597E-04
10.8 3.542E-04
10.9 3.488E-04
11.0 3.435E-04
11.1 3.382E-04
11.2 3.330E-04
11.3 3.278E-04
11.4 3.227E-04
11.5 3.177E-04
11.6 3.127E-04
11.7 3.078E-04
11.8 3.030E-04
11.9 2.982E-04
12.0 2.935E-04
12.1 2.888E-04
12.2 2.843E-04
12.3 2.798E-04
12.4 2.753E-04
12.5 2.709E-04
12.6 2.666E-04
12.7 2.624E-04
12.8 2.582E-04
12.9 2.540E-04
13.0 2.500E-04
13.1 2.460E-04
13.2 2.420E-04
13.3 2.382E-04
13.4 2.344E-04
13.5 2.306E-04
13.6 2.269E-04
13.7 2.233E-04
13.8 2.197E-04
13.9 2.162E-04
14.0 2.127E-04
14.1 2.093E-04
14.2 2.060E-04
14.3 2.027E-04
14.4 1.995E-04
14.5 1.963E-04
14.6 1.932E-04
14.7 1.901E-04
14.8 1.871E-04
14.9 1.842E-04
15.0 1.813E-04
15.1 1.784E-04
15.2 1.756E-04
15.3 1.728E-04
15.4 1.701E-04
15.5 1.675E-04
15.6 1.648E-04
15.7 1.623E-04
15.8 1.597E-04
15.9 1.572E-04
16.0 1.548E-04
16.1 1.524E-04
16.2 1.500E-04
16.3 1.477E-04
16.4 1.454E-04
16.5 1.431E-04
16.6 1.409E-04
16.7 1.387E-04
16.8 1.366E-04
16.9 1.344E-04
17.0 1.324E-04
17.1 1.303E-04
17.2 1.283E-04
17.3 1.263E-04
17.4 1.243E-04
17.5 1.224E-04
17.6 1.205E-04
17.7 1.186E-04
17.8 1.168E-04
17.9 1.150E-04
18.0 1.132E-04
18.1 1.114E-04
18.2 1.097E-04
18.3 1.080E-04
18.4 1.063E-04
18.5 1.046E-04
18.6 1.030E-04
18.7 1.014E-04
18.8 9.981E-05
18.9 9.825E-05
19.0 9.671E-05
19.1 9.519E-05
19.2 9.369E-05
19.3 9.222E-05
19.4 9.077E-05
19.5 8.933E-05
19.6 8.792E-05
19.7 8.653E-05
19.8 8.516E-05
19.9 8.380E-05
20.0 8.247E-05
20.1 8.116E-05
20.2 7.986E-05
20.3 7.859E-05
20.4 7.733E-05
20.5 7.609E-05
20.6 7.487E-05
20.7 7.367E-05
20.8 7.248E-05
20.9 7.131E-05
21.0 7.016E-05
21.1 6.903E-05
21.2 6.791E-05
21.3 6.681E-05
21.4 6.573E-05
21.5 6.466E-05
21.6 6.361E-05
21.7 6.257E-05
21.8 6.155E-05
21.9 6.055E-05
22.0 5.956E-05
22.1 5.859E-05
22.2 5.763E-05
22.3 5.668E-05
22.4 5.576E-05
22.5 5.484E-05
22.6 5.394E-05
22.7 5.305E-05
22.8 5.218E-05
22.9 5.132E-05
23.0 5.047E-05
23.1 4.964E-05
23.2 4.882E-05
23.3 4.802E-05
23.4 4.722E-05
23.5 4.644E-05
23.6 4.567E-05
23.7 4.492E-05
23.8 4.417E-05
23.9 4.344E-05
24.0 4.272E-05
24.1 4.201E-05
24.2 4.131E-05
24.3 4.062E-05
24.4 3.995E-05
24.5 3.928E-05
24.6 3.863E-05
24.7 3.799E-05
24.8 3.735E-05
24.9 3.673E-05
25.0 3.612E-05
25.1 3.551E-05
25.2 3.492E-05
25.3 3.434E-05
25.4 3.377E-05
25.5 3.320E-05
25.6 3.265E-05
25.7 3.210E-05
25.8 3.156E-05
25.9 3.104E-05
26.0 3.052E-05
26.1 3.001E-05
26.2 2.951E-05
26.3 2.901E-05
26.4 2.853E-05
26.5 2.805E-05
26.6 2.758E-05
26.7 2.712E-05
26.8 2.666E-05
26.9 2.622E-05
27.0 2.578E-05
27.1 2.535E-05
27.2 2.492E-05
27.3 2.451E-05
27.4 2.409E-05
27.5 2.369E-05
27.6 2.330E-05
27.7 2.291E-05
27.8 2.252E-05
27.9 2.215E-05
28.0 2.177E-05
28.1 2.141E-05
28.2 2.105E-05
28.3 2.070E-05
28.4 2.035E-05
28.5 2.001E-05
28.6 1.968E-05
28.7 1.935E-05
28.8 1.903E-05
28.9 1.871E-05
29.0 1.840E-05
29.1 1.809E-05
29.2 1.779E-05
29.3 1.749E-05
29.4 1.720E-05
29.5 1.691E-05
29.6 1.663E-05
29.7 1.636E-05
29.8 1.608E-05
29.9 1.582E-05
30.0 1.555E-05
30.1 1.529E-05
30.2 1.504E-05
30.3 1.479E-05
30.4 1.454E-05
30.5 1.430E-05
30.6 1.407E-05
30.7 1.383E-05
30.8 1.360E-05
30.9 1.338E-05
31.0 1.316E-05
31.1 1.294E-05
31.2 1.273E-05
31.3 1.252E-05
31.4 1.231E-05
31.5 1.211E-05
31.6 1.191E-05
31.7 1.171E-05
31.8 1.152E-05
31.9 1.133E-05
32.0 1.114E-05
32.1 1.096E-05
32.2 1.078E-05
32.3 1.060E-05
32.4 1.043E-05
32.5 1.026E-05
32.6 1.009E-05
32.7 9.926E-06
32.8 9.764E-06
32.9 9.605E-06
33.0 9.449E-06
33.1 9.295E-06
33.2 9.144E-06
33.3 8.996E-06
33.4 8.851E-06
33.5 8.708E-06
33.6 8.568E-06
33.7 8.430E-06
33.8 8.294E-06
33.9 8.161E-06
34.0 8.031E-06
34.1 7.902E-06
34.2 7.776E-06
34.3 7.652E-06
34.4 7.530E-06
34.5 7.411E-06
34.6 7.293E-06
34.7 7.178E-06
34.8 7.064E-06
34.9 6.953E-06
35.0 6.843E-06
35.1 6.735E-06
35.2 6.630E-06
35.3 6.526E-06
35.4 6.424E-06
35.5 6.323E-06
35.6 6.225E-06
35.7 6.128E-06
35.8 6.032E-06
35.9 5.939E-06
36.0 5.847E-06
36.1 5.756E-06
36.2 5.667E-06
36.3 5.580E-06
36.4 5.494E-06
36.5 5.410E-06
36.6 5.327E-06
36.7 5.245E-06
36.8 5.165E-06
36.9 5.086E-06
37.0 5.009E-06
37.1 4.933E-06
37.2 4.858E-06
37.3 4.785E-06
37.4 4.712E-06
37.5 4.641E-06
37.6 4.571E-06
37.7 4.503E-06
37.8 4.435E-06
37.9 4.369E-06
38.0 4.303E-06
38.1 4.239E-06
38.2 4.176E-06
38.3 4.114E-06
38.4 4.053E-06
38.5 3.993E-06
38.6 3.934E-06
38.7 3.876E-06
38.8 3.819E-06
38.9 3.763E-06
39.0 3.708E-06
39.1 3.654E-06
39.2 3.600E-06
39.3 3.548E-06
39.4 3.496E-06
39.5 3.445E-06
39.6 3.395E-06
39.7 3.346E-06
39.8 3.298E-06
39.9 3.251E-06
40.0 3.204E-06
40.1 3.158E-06
40.2 3.113E-06
40.3 3.068E-06
40.4 3.024E-06
40.5 2.981E-06
40.6 2.939E-06
40.7 2.897E-06
40.8 2.856E-06
40.9 2.816E-06
41.0 2.776E-06
41.1 2.737E-06
41.2 2.699E-06
41.3 2.661E-06
41.4 2.624E-06
41.5 2.587E-06
41.6 2.551E-06
41.7 2.516E-06
41.8 2.481E-06
41.9 2.447E-06
42.0 2.413E-06
42.1 2.380E-06
42.2 2.347E-06
42.3 2.315E-06
42.4 2.283E-06
42.5 2.252E-06
42.6 2.221E-06
42.7 2.191E-06
42.8 2.161E-06
42.9 2.132E-06
43.0 2.103E-06
43.1 2.075E-06
43.2 2.047E-06
43.3 2.020E-06
43.4 1.992E-06
43.5 1.966E-06
43.6 1.940E-06
43.7 1.914E-06
43.8 1.888E-06
43.9 1.863E-06
44.0 1.839E-06
44.1 1.814E-06
44.2 1.790E-06
44.3 1.767E-06
44.4 1.744E-06
44.5 1.721E-06
44.6 1.698E-06
44.7 1.676E-06
44.8 1.654E-06
44.9 1.633E-06
45.0 1.612E-06
45.1 1.591E-06
45.2 1.570E-06
45.3 1.550E-06
45.4 1.530E-06
45.5 1.510E-06
45.6 1.491E-06
45.7 1.472E-06
45.8 1.453E-06
45.9 1.435E-06
46.0 1.416E-06
46.1 1.398E-06
46.2 1.381E-06
46.3 1.363E-06
46.4 1.346E-06
46.5 1.329E-06
46.6 1.312E-06
46.7 1.296E-06
46.8 1.279E-06
46.9 1.263E-06
47.0 1.247E-06
47.1 1.232E-06
47.2 1.216E-06
47.3 1.201E-06
47.4 1.186E-06
47.5 1.171E-06
47.6 1.157E-06
47.7 1.142E-06
47.8 1.128E-06
47.9 1.114E-06
48.0 1.100E-06
48.1 1.087E-06
48.2 1.073E-06
48.3 1.060E-06
48.4 1.047E-06
48.5 1.034E-06
48.6 1.021E-06
48.7 1.008E-06
48.8 9.960E-07
48.9 9.837E-07
49.0 9.716E-07
49.1 9.596E-07
49.2 9.478E-07
49.3 9.361E-07
49.4 9.246E-07
49.5 9.132E-07
49.6 9.020E-07
49.7 8.909E-07
49.8 8.799E-07
49.9 8.691E-07
50.0 8.585E-07